Date,TotalCases,NewCases
28/02/2020,3,0
29/02/2020,3,0
01/03/2020,3,0
02/03/2020,3,0
03/03/2020,5,2
04/03/2020,6,1
05/03/2020,29,23
06/03/2020,30,1
07/03/2020,31,1
08/03/2020,34,3
09/03/2020,43,9
10/03/2020,44,1
11/03/2020,60,16
12/03/2020,73,13
13/03/2020,74,1
14/03/2020,82,8
15/03/2020,107,25
16/03/2020,114,7
17/03/2020,137,23
18/03/2020,151,14
19/03/2020,169,18
